ys
tensor([[ 1.,  2.,  2.,  ...,  6.,  6.,  6.],
        [ 1.,  1.,  2.,  ...,  8.,  9.,  9.],
        [ 1.,  2.,  3.,  ...,  8.,  8.,  8.],
        ...,
        [ 1.,  2.,  2.,  ..., 12., 12., 12.],
        [ 1.,  2.,  3.,  ...,  4.,  4.,  5.],
        [ 1.,  1.,  2.,  ...,  9.,  9.,  9.]])
output
tensor([[ 1.,  2.,  2.,  ...,  6.,  6.,  6.],
        [ 1.,  1.,  2.,  ...,  8.,  9.,  9.],
        [ 1.,  2.,  3.,  ...,  8.,  8.,  8.],
        ...,
        [ 1.,  2.,  2.,  ..., 12., 12., 12.],
        [ 1.,  2.,  3.,  ...,  4.,  4.,  5.],
        [ 1.,  1.,  2.,  ...,  9.,  9.,  9.]], device='cuda:0')
